startTime : 2015/09/01 14:21:48
number of molecules =	256
steps= 10000000
density=	0.025
temperature=	1.9
dipoleStrength squared = 2.0
-<M^2>*bt*bt:	-147.17428415929044 -<M^2>*bt*bt_err:	1.1098649276934098
AEE_new:	-146.23778414632588 AEE_err:	0.032766210736045756
endTime : 2015/09/01 14:21:48
Time taken (in mins): 57.899233333333335
