startTime : 2015/09/01 14:26:08
number of molecules =	256
steps= 10000000
density=	0.125
temperature=	2.0
dipoleStrength squared = 2.0
-<M^2>*bt*bt:	-147.6346578369819 -<M^2>*bt*bt_err:	1.2562356788907112
AEE_new:	-147.79434556769348 AEE_err:	0.06702162443093478
endTime : 2015/09/01 14:26:08
Time taken (in mins): 37.432916666666664
