startTime : 2015/09/01 15:28:36
number of molecules =	256
steps= 10000000
density=	0.75
temperature=	1.3
dipoleStrength squared = 2.0
-<M^2>*bt*bt:	-896.323321424982 -<M^2>*bt*bt_err:	24.330928404409196
AEE_new:	-767.7289433728968 AEE_err:	0.8216882552878307
endTime : 2015/09/01 15:28:36
Time taken (in mins): 30.877916666666668
