startTime : 2015/09/01 14:21:27
number of molecules =	256
steps= 10000000
density=	0.025
temperature=	1.45
dipoleStrength squared = 2.0
-<M^2>*bt*bt:	-256.2790986603892 -<M^2>*bt*bt_err:	1.856886302838811
AEE_new:	-251.65530108363365 AEE_err:	0.09002916148404223
endTime : 2015/09/01 14:21:27
Time taken (in mins): 43.76555
