startTime : 2015/09/01 15:27:57
number of molecules =	256
steps= 10000000
density=	0.75
temperature=	1.2
dipoleStrength squared = 2.0
-<M^2>*bt*bt:	-1188.7586247923784 -<M^2>*bt*bt_err:	42.23904822978485
AEE_new:	-944.3756054359615 AEE_err:	1.0716308173009788
endTime : 2015/09/01 15:27:57
Time taken (in mins): 34.458083333333335
