startTime : 2015/09/01 14:57:08
number of molecules =	256
steps= 10000000
density=	0.325
temperature=	1.6
dipoleStrength squared = 2.0
-<M^2>*bt*bt:	-322.7251466251171 -<M^2>*bt*bt_err:	5.307238831426578
AEE_new:	-301.7013671713321 AEE_err:	0.3041325966623566
endTime : 2015/09/01 14:57:08
Time taken (in mins): 39.195366666666665
