startTime : 2015/09/01 15:25:05
number of molecules =	256
steps= 10000000
density=	0.75
temperature=	1.1
dipoleStrength squared = 2.0
-<M^2>*bt*bt:	-1553.3693873200702 -<M^2>*bt*bt_err:	65.70531033277292
AEE_new:	-1186.9551320812714 AEE_err:	1.3978041944560555
endTime : 2015/09/01 15:25:05
Time taken (in mins): 30.950566666666667
