startTime : 2015/09/01 14:21:27
number of molecules =	256
steps= 10000000
density=	0.025
temperature=	1.5
dipoleStrength squared = 2.0
-<M^2>*bt*bt:	-239.98201226169374 -<M^2>*bt*bt_err:	1.9207108975807754
AEE_new:	-234.97047297495047 AEE_err:	0.07945870424655833
endTime : 2015/09/01 14:21:27
Time taken (in mins): 43.8628
