startTime : 2015/09/01 14:57:27
number of molecules =	256
steps= 10000000
density=	0.325
temperature=	1.7
dipoleStrength squared = 2.0
-<M^2>*bt*bt:	-272.7282591488793 -<M^2>*bt*bt_err:	3.991878784551286
AEE_new:	-262.1196080125946 AEE_err:	0.21265507247059842
endTime : 2015/09/01 14:57:27
Time taken (in mins): 37.6491
