startTime : 2015/09/01 14:20:47
number of molecules =	256
steps= 10000000
density=	0.025
temperature=	1.1
dipoleStrength squared = 2.0
-<M^2>*bt*bt:	-457.8570881245131 -<M^2>*bt*bt_err:	3.4771739627362193
AEE_new:	-430.9396798118886 AEE_err:	0.38759934252365497
endTime : 2015/09/01 14:20:47
Time taken (in mins): 35.00091666666667
