startTime : 2015/09/01 14:25:27
number of molecules =	256
steps= 10000000
density=	0.125
temperature=	1.35
dipoleStrength squared = 2.0
-<M^2>*bt*bt:	-366.4099711988483 -<M^2>*bt*bt_err:	4.319075174994458
AEE_new:	-337.6451726268075 AEE_err:	0.4403969546896291
endTime : 2015/09/01 14:25:27
Time taken (in mins): 30.606416666666668
