startTime : 2015/09/01 15:24:38
number of molecules =	256
steps= 10000000
density=	0.75
temperature=	1.05
dipoleStrength squared = 2.0
-<M^2>*bt*bt:	-1840.421122841593 -<M^2>*bt*bt_err:	79.54586397291773
AEE_new:	-1343.1386927053404 AEE_err:	1.5268566008976159
endTime : 2015/09/01 15:24:38
Time taken (in mins): 35.285183333333336
