startTime : 2015/09/01 14:56:47
number of molecules =	256
steps= 10000000
density=	0.325
temperature=	1.5
dipoleStrength squared = 2.0
-<M^2>*bt*bt:	-372.87035562267397 -<M^2>*bt*bt_err:	5.72713253775708
AEE_new:	-348.9630545406944 AEE_err:	0.409256187926739
endTime : 2015/09/01 14:56:47
Time taken (in mins): 35.385266666666666
