startTime : 2015/09/01 14:57:27
number of molecules =	256
steps= 10000000
density=	0.325
temperature=	1.8
dipoleStrength squared = 2.0
-<M^2>*bt*bt:	-240.25075359931785 -<M^2>*bt*bt_err:	3.4622946398585066
AEE_new:	-230.68342446003635 AEE_err:	0.16815376377423252
endTime : 2015/09/01 14:57:27
Time taken (in mins): 36.9738
