startTime : 2015/09/01 14:57:48
number of molecules =	256
steps= 10000000
density=	0.325
temperature=	1.9
dipoleStrength squared = 2.0
-<M^2>*bt*bt:	-217.51032274668765 -<M^2>*bt*bt_err:	3.096906633800577
AEE_new:	-203.86914744716702 AEE_err:	0.146837148596203
endTime : 2015/09/01 14:57:48
Time taken (in mins): 42.88583333333333
