startTime : 2015/09/01 14:21:17
number of molecules =	256
steps= 10000000
density=	0.025
temperature=	1.35
dipoleStrength squared = 2.0
-<M^2>*bt*bt:	-301.92324982804297 -<M^2>*bt*bt_err:	2.2129248557746375
AEE_new:	-290.03535367032976 AEE_err:	0.12439308280781836
endTime : 2015/09/01 14:21:17
Time taken (in mins): 34.33135
