startTime : 2015/09/01 15:25:44
number of molecules =	256
steps= 10000000
density=	0.75
temperature=	1.15
dipoleStrength squared = 2.0
-<M^2>*bt*bt:	-1302.3775786051606 -<M^2>*bt*bt_err:	43.8811178895038
AEE_new:	-1054.8652783981483 AEE_err:	1.3407371068980545
endTime : 2015/09/01 15:25:44
Time taken (in mins): 30.5907
