startTime : 2015/09/01 14:25:57
number of molecules =	256
steps= 10000000
density=	0.125
temperature=	1.8
dipoleStrength squared = 2.0
-<M^2>*bt*bt:	-191.10450882501334 -<M^2>*bt*bt_err:	1.908708358431531
AEE_new:	-184.34070245670856 AEE_err:	0.09684853712326622
endTime : 2015/09/01 14:25:57
Time taken (in mins): 45.0166
