startTime : 2015/09/01 14:21:57
number of molecules =	256
steps= 10000000
density=	0.025
temperature=	2.0
dipoleStrength squared = 2.0
-<M^2>*bt*bt:	-131.27033720260096 -<M^2>*bt*bt_err:	0.9111836376062549
AEE_new:	-131.87762121928796 AEE_err:	0.023806988545863526
endTime : 2015/09/01 14:21:57
Time taken (in mins): 39.74895
