startTime : 2015/09/01 14:21:08
number of molecules =	256
steps= 10000000
density=	0.025
temperature=	1.3
dipoleStrength squared = 2.0
-<M^2>*bt*bt:	-322.70772426550405 -<M^2>*bt*bt_err:	2.7232247866670813
AEE_new:	-312.53506390088495 AEE_err:	0.17758248196941467
endTime : 2015/09/01 14:21:08
Time taken (in mins): 35.211933333333334
