startTime : 2015/09/01 15:28:26
number of molecules =	256
steps= 10000000
density=	0.75
temperature=	1.25
dipoleStrength squared = 2.0
-<M^2>*bt*bt:	-978.135371782364 -<M^2>*bt*bt_err:	30.04382667354332
AEE_new:	-851.0551773647834 AEE_err:	0.8316863605802468
endTime : 2015/09/01 15:28:26
Time taken (in mins): 31.00275
