startTime : 2015/09/01 14:25:38
number of molecules =	256
steps= 10000000
density=	0.125
temperature=	1.5
dipoleStrength squared = 2.0
-<M^2>*bt*bt:	-284.47868440094766 -<M^2>*bt*bt_err:	3.082793502884932
AEE_new:	-270.3344188238201 AEE_err:	0.2296385611344241
endTime : 2015/09/01 14:25:38
Time taken (in mins): 36.712583333333335
