startTime : 2015/09/01 14:20:57
number of molecules =	256
steps= 10000000
density=	0.025
temperature=	1.2
dipoleStrength squared = 2.0
-<M^2>*bt*bt:	-376.7516644515626 -<M^2>*bt*bt_err:	2.4648336663811827
AEE_new:	-365.57410048472457 AEE_err:	0.2476778795733651
endTime : 2015/09/01 14:20:57
Time taken (in mins): 30.6149
