startTime : 2015/09/01 14:25:57
number of molecules =	256
steps= 10000000
density=	0.125
temperature=	1.9
dipoleStrength squared = 2.0
-<M^2>*bt*bt:	-172.32521533518974 -<M^2>*bt*bt_err:	1.5183084596872756
AEE_new:	-164.61683357365536 AEE_err:	0.08534446098509105
endTime : 2015/09/01 14:25:57
Time taken (in mins): 37.6476
