startTime : 2015/09/01 14:21:48
number of molecules =	256
steps= 10000000
density=	0.025
temperature=	1.8
dipoleStrength squared = 2.0
-<M^2>*bt*bt:	-165.60704734755572 -<M^2>*bt*bt_err:	1.1033765740558843
AEE_new:	-163.1151418684698 AEE_err:	0.032621709475378846
endTime : 2015/09/01 14:21:48
Time taken (in mins): 58.43241666666667
