startTime : 2015/09/01 14:25:47
number of molecules =	256
steps= 10000000
density=	0.125
temperature=	1.7
dipoleStrength squared = 2.0
-<M^2>*bt*bt:	-214.7978084331261 -<M^2>*bt*bt_err:	2.0317341927053465
AEE_new:	-207.7575415751719 AEE_err:	0.12113910522736897
endTime : 2015/09/01 14:25:47
Time taken (in mins): 29.18405
