startTime : 2015/09/01 14:21:17
number of molecules =	256
steps= 10000000
density=	0.025
temperature=	1.4
dipoleStrength squared = 2.0
-<M^2>*bt*bt:	-276.13417911959687 -<M^2>*bt*bt_err:	2.0125957458998145
AEE_new:	-269.9764354462785 AEE_err:	0.10514339605492623
endTime : 2015/09/01 14:21:17
Time taken (in mins): 32.07536666666667
