startTime : 2015/09/01 14:21:38
number of molecules =	256
steps= 10000000
density=	0.025
temperature=	1.6
dipoleStrength squared = 2.0
-<M^2>*bt*bt:	-209.69133398695794 -<M^2>*bt*bt_err:	1.6115827161714047
AEE_new:	-206.6318951828297 AEE_err:	0.05641082867516064
endTime : 2015/09/01 14:21:38
Time taken (in mins): 37.856433333333335
