startTime : 2015/09/01 14:56:34
number of molecules =	256
steps= 10000000
density=	0.325
temperature=	1.4
dipoleStrength squared = 2.0
-<M^2>*bt*bt:	-440.81663977726424 -<M^2>*bt*bt_err:	8.401517549015805
AEE_new:	-413.5298374968232 AEE_err:	0.595570738319362
endTime : 2015/09/01 14:56:34
Time taken (in mins): 34.77461666666667
