startTime : 2015/09/01 14:25:47
number of molecules =	256
steps= 10000000
density=	0.125
temperature=	1.6
dipoleStrength squared = 2.0
-<M^2>*bt*bt:	-248.3217481714125 -<M^2>*bt*bt_err:	2.6495341101705496
AEE_new:	-235.93718330670728 AEE_err:	0.16222604887137604
endTime : 2015/09/01 14:25:47
Time taken (in mins): 31.55575
