startTime : 2015/09/01 14:25:27
number of molecules =	256
steps= 10000000
density=	0.125
temperature=	1.4
dipoleStrength squared = 2.0
-<M^2>*bt*bt:	-336.6529570573438 -<M^2>*bt*bt_err:	4.333420317875865
AEE_new:	-311.6067569301898 AEE_err:	0.3210727633731727
endTime : 2015/09/01 14:25:27
Time taken (in mins): 36.01241666666667
