startTime : 2015/09/01 14:21:38
number of molecules =	256
steps= 10000000
density=	0.025
temperature=	1.7
dipoleStrength squared = 2.0
-<M^2>*bt*bt:	-185.4096642925657 -<M^2>*bt*bt_err:	1.4177256306033803
AEE_new:	-182.94782414332641 AEE_err:	0.04408613038515236
endTime : 2015/09/01 14:21:38
Time taken (in mins): 43.97593333333333
