startTime : 2015/09/01 14:25:38
number of molecules =	256
steps= 10000000
density=	0.125
temperature=	1.45
dipoleStrength squared = 2.0
-<M^2>*bt*bt:	-304.13090184910476 -<M^2>*bt*bt_err:	3.8183898868746846
AEE_new:	-289.28655247816215 AEE_err:	0.29744279669685053
endTime : 2015/09/01 14:25:38
Time taken (in mins): 36.43901666666667
