startTime : 2015/09/01 15:24:18
number of molecules =	256
steps= 10000000
density=	0.75
temperature=	1.9
dipoleStrength squared = 1.0
-<M^2>*bt*bt:	-111.83643992588891 -<M^2>*bt*bt_err:	1.240453988146815
AEE_new:	-109.41708386751893 AEE_err:	0.03925158435325961
endTime : 2015/09/01 15:24:18
Time taken (in mins): 29.9414
