startTime : 2015/09/01 15:05:13
number of molecules =	256
steps= 10000000
density=	0.75
temperature=	1.1
dipoleStrength squared = 1.0
-<M^2>*bt*bt:	-438.19877122313017 -<M^2>*bt*bt_err:	7.3164476092775175
AEE_new:	-408.82015565754114 AEE_err:	0.28457934708149457
endTime : 2015/09/01 15:05:13
Time taken (in mins): 41.57905
