startTime : 2015/09/01 14:56:18
number of molecules =	256
steps= 10000000
density=	0.325
temperature=	1.9
dipoleStrength squared = 1.0
-<M^2>*bt*bt:	-88.32306606451742 -<M^2>*bt*bt_err:	0.6997339336648355
AEE_new:	-87.42655448366826 AEE_err:	0.02430329176348042
endTime : 2015/09/01 14:56:18
Time taken (in mins): 34.39301666666667
