startTime : 2015/09/01 14:55:30
number of molecules =	256
steps= 10000000
density=	0.325
temperature=	1.45
dipoleStrength squared = 1.0
-<M^2>*bt*bt:	-160.71676191681652 -<M^2>*bt*bt_err:	1.2607579346526474
AEE_new:	-158.69753537944246 AEE_err:	0.06302448823094632
endTime : 2015/09/01 14:55:30
Time taken (in mins): 32.92328333333333
