startTime : 2015/09/01 14:55:18
number of molecules =	256
steps= 10000000
density=	0.325
temperature=	1.4
dipoleStrength squared = 1.0
-<M^2>*bt*bt:	-171.09293524479924 -<M^2>*bt*bt_err:	1.8902352268399427
AEE_new:	-171.53475763133648 AEE_err:	0.09014242674604787
endTime : 2015/09/01 14:55:18
Time taken (in mins): 33.310116666666666
