startTime : 2015/09/01 14:24:47
number of molecules =	256
steps= 10000000
density=	0.125
temperature=	1.4
dipoleStrength squared = 1.0
-<M^2>*bt*bt:	-148.70763889879802 -<M^2>*bt*bt_err:	1.1416568128838642
AEE_new:	-146.01418720673263 AEE_err:	0.0380201110232055
endTime : 2015/09/01 14:24:47
Time taken (in mins): 30.395033333333334
