startTime : 2015/09/01 14:56:34
number of molecules =	256
steps= 10000000
density=	0.325
temperature=	2.0
dipoleStrength squared = 1.0
-<M^2>*bt*bt:	-79.71476725277648 -<M^2>*bt*bt_err:	0.6360396936675694
AEE_new:	-78.2069843735047 AEE_err:	0.020402833639018056
endTime : 2015/09/01 14:56:34
Time taken (in mins): 36.48351666666667
