startTime : 2015/09/01 14:55:41
number of molecules =	256
steps= 10000000
density=	0.325
temperature=	1.6
dipoleStrength squared = 1.0
-<M^2>*bt*bt:	-128.1872968413212 -<M^2>*bt*bt_err:	1.2220416587981853
AEE_new:	-127.4824917477512 AEE_err:	0.049782164598091296
endTime : 2015/09/01 14:55:41
Time taken (in mins): 36.85961666666667
