startTime : 2015/09/01 14:19:37
number of molecules =	256
steps= 10000000
density=	0.025
temperature=	1.15
dipoleStrength squared = 1.0
-<M^2>*bt*bt:	-198.69568139841527 -<M^2>*bt*bt_err:	1.3710163911201265
AEE_new:	-198.77343214362105 AEE_err:	0.03179074411930554
endTime : 2015/09/01 14:19:37
Time taken (in mins): 31.97458333333333
