startTime : 2015/09/01 14:55:57
number of molecules =	256
steps= 10000000
density=	0.325
temperature=	1.7
dipoleStrength squared = 1.0
-<M^2>*bt*bt:	-110.46937561782138 -<M^2>*bt*bt_err:	0.9567608042554472
AEE_new:	-111.52426771695826 AEE_err:	0.03837680080171765
endTime : 2015/09/01 14:55:57
Time taken (in mins): 36.64995
