startTime : 2015/09/01 15:15:25
number of molecules =	256
steps= 10000000
density=	0.75
temperature=	1.3
dipoleStrength squared = 1.0
-<M^2>*bt*bt:	-281.43790850527716 -<M^2>*bt*bt_err:	4.006970222832208
AEE_new:	-271.06373321164995 AEE_err:	0.169429498162347
endTime : 2015/09/01 15:15:25
Time taken (in mins): 26.340783333333334
