startTime : 2015/09/01 14:19:15
number of molecules =	256
steps= 10000000
density=	0.025
temperature=	1.0
dipoleStrength squared = 1.0
-<M^2>*bt*bt:	-266.5779340081866 -<M^2>*bt*bt_err:	1.8599911050595912
AEE_new:	-263.40846974900865 AEE_err:	0.0645156386486902
endTime : 2015/09/01 14:19:15
Time taken (in mins): 44.423116666666665
