startTime : 2015/09/01 15:23:51
number of molecules =	256
steps= 10000000
density=	0.75
temperature=	1.8
dipoleStrength squared = 1.0
-<M^2>*bt*bt:	-126.43486492433968 -<M^2>*bt*bt_err:	1.3798946764781461
AEE_new:	-124.28711706875313 AEE_err:	0.050014413555861365
endTime : 2015/09/01 15:23:51
Time taken (in mins): 30.346033333333335
