startTime : 2015/09/01 14:25:08
number of molecules =	256
steps= 10000000
density=	0.125
temperature=	1.7
dipoleStrength squared = 1.0
-<M^2>*bt*bt:	-96.79272767838168 -<M^2>*bt*bt_err:	0.7023741048880562
AEE_new:	-97.30010705813721 AEE_err:	0.01769020856611961
endTime : 2015/09/01 14:25:08
Time taken (in mins): 37.56308333333333
