startTime : 2015/09/01 14:19:57
number of molecules =	256
steps= 10000000
density=	0.025
temperature=	1.4
dipoleStrength squared = 1.0
-<M^2>*bt*bt:	-133.22475527819583 -<M^2>*bt*bt_err:	0.8239931714741446
AEE_new:	-133.65293892657343 AEE_err:	0.013536052098320102
endTime : 2015/09/01 14:19:57
Time taken (in mins): 42.8965
