startTime : 2015/09/01 15:24:28
number of molecules =	256
steps= 10000000
density=	0.75
temperature=	2.0
dipoleStrength squared = 1.0
-<M^2>*bt*bt:	-98.9326520106472 -<M^2>*bt*bt_err:	1.0408872043942468
AEE_new:	-96.9983179505416 AEE_err:	0.03452797914170954
endTime : 2015/09/01 15:24:28
Time taken (in mins): 34.9123
