startTime : 2015/09/01 14:25:17
number of molecules =	256
steps= 10000000
density=	0.125
temperature=	1.9
dipoleStrength squared = 1.0
-<M^2>*bt*bt:	-77.57671272379007 -<M^2>*bt*bt_err:	0.5606003636444816
AEE_new:	-77.2043090631444 AEE_err:	0.013220806865162481
endTime : 2015/09/01 14:25:17
Time taken (in mins): 38.76318333333333
