startTime : 2015/09/01 14:24:57
number of molecules =	256
steps= 10000000
density=	0.125
temperature=	1.6
dipoleStrength squared = 1.0
-<M^2>*bt*bt:	-109.63985404190703 -<M^2>*bt*bt_err:	0.843658099796844
AEE_new:	-110.41727157821043 AEE_err:	0.023184300226874798
endTime : 2015/09/01 14:24:57
Time taken (in mins): 38.968266666666665
