startTime : 2015/09/01 14:56:08
number of molecules =	256
steps= 10000000
density=	0.325
temperature=	1.8
dipoleStrength squared = 1.0
-<M^2>*bt*bt:	-98.25135745241803 -<M^2>*bt*bt_err:	0.8472341659992799
AEE_new:	-98.3467833411067 AEE_err:	0.027021558738932288
endTime : 2015/09/01 14:56:08
Time taken (in mins): 36.204116666666664
