startTime : 2015/09/01 15:05:38
number of molecules =	256
steps= 10000000
density=	0.75
temperature=	1.2
dipoleStrength squared = 1.0
-<M^2>*bt*bt:	-345.535687692963 -<M^2>*bt*bt_err:	5.3422316219604795
AEE_new:	-329.7642387751876 AEE_err:	0.20392262237015804
endTime : 2015/09/01 15:05:38
Time taken (in mins): 41.46415
