startTime : 2015/09/01 14:24:57
number of molecules =	256
steps= 10000000
density=	0.125
temperature=	1.5
dipoleStrength squared = 1.0
-<M^2>*bt*bt:	-125.77322881746993 -<M^2>*bt*bt_err:	1.018591772730051
AEE_new:	-126.36231918821156 AEE_err:	0.033621419208397105
endTime : 2015/09/01 14:24:57
Time taken (in mins): 38.89523333333333
