startTime : 2015/09/01 14:24:47
number of molecules =	256
steps= 10000000
density=	0.125
temperature=	1.45
dipoleStrength squared = 1.0
-<M^2>*bt*bt:	-137.3525389215786 -<M^2>*bt*bt_err:	1.1084497138777478
AEE_new:	-135.73921487018487 AEE_err:	0.03536213138788583
endTime : 2015/09/01 14:24:47
Time taken (in mins): 31.494816666666665
