startTime : 2015/09/01 14:19:27
number of molecules =	256
steps= 10000000
density=	0.025
temperature=	1.1
dipoleStrength squared = 1.0
-<M^2>*bt*bt:	-216.35865637872325 -<M^2>*bt*bt_err:	1.3859517099582814
AEE_new:	-217.39821618799513 AEE_err:	0.041298307162954816
endTime : 2015/09/01 14:19:27
Time taken (in mins): 31.919916666666666
