startTime : 2015/09/01 14:20:07
number of molecules =	256
steps= 10000000
density=	0.025
temperature=	1.5
dipoleStrength squared = 1.0
-<M^2>*bt*bt:	-117.18228259384396 -<M^2>*bt*bt_err:	0.7684191378998371
AEE_new:	-116.27776988799445 AEE_err:	0.011098261408804308
endTime : 2015/09/01 14:20:07
Time taken (in mins): 43.4103
