startTime : 2015/09/01 14:20:27
number of molecules =	256
steps= 10000000
density=	0.025
temperature=	1.8
dipoleStrength squared = 1.0
-<M^2>*bt*bt:	-81.47910882948324 -<M^2>*bt*bt_err:	0.5314670956054425
AEE_new:	-80.47982063114459 AEE_err:	0.006415329192633696
endTime : 2015/09/01 14:20:27
Time taken (in mins): 35.23426666666667
