startTime : 2015/09/01 14:55:41
number of molecules =	256
steps= 10000000
density=	0.325
temperature=	1.5
dipoleStrength squared = 1.0
-<M^2>*bt*bt:	-150.3750516743252 -<M^2>*bt*bt_err:	1.3361065731247086
AEE_new:	-147.11843019293357 AEE_err:	0.05873256437094542
endTime : 2015/09/01 14:55:41
Time taken (in mins): 37.17545
