startTime : 2015/09/01 15:20:13
number of molecules =	256
steps= 10000000
density=	0.75
temperature=	1.5
dipoleStrength squared = 1.0
-<M^2>*bt*bt:	-200.97992187088923 -<M^2>*bt*bt_err:	2.6355697250541215
AEE_new:	-191.74632084032643 AEE_err:	0.09511588170686805
endTime : 2015/09/01 15:20:13
Time taken (in mins): 56.78861666666667
