startTime : 2015/09/01 14:19:27
number of molecules =	256
steps= 10000000
density=	0.025
temperature=	1.05
dipoleStrength squared = 1.0
-<M^2>*bt*bt:	-239.33318378911392 -<M^2>*bt*bt_err:	1.592294348548993
AEE_new:	-238.75692438670066 AEE_err:	0.04489044770929598
endTime : 2015/09/01 14:19:27
Time taken (in mins): 34.17478333333333
