startTime : 2015/09/01 15:05:27
number of molecules =	256
steps= 10000000
density=	0.75
temperature=	1.15
dipoleStrength squared = 1.0
-<M^2>*bt*bt:	-391.00329965604647 -<M^2>*bt*bt_err:	6.600342459397352
AEE_new:	-366.1595691947929 AEE_err:	0.22434203224765373
endTime : 2015/09/01 15:05:27
Time taken (in mins): 43.32525
