startTime : 2015/09/01 15:21:36
number of molecules =	256
steps= 10000000
density=	0.75
temperature=	1.6
dipoleStrength squared = 1.0
-<M^2>*bt*bt:	-167.9526915827237 -<M^2>*bt*bt_err:	2.060239474476776
AEE_new:	-164.47575465770623 AEE_err:	0.07369587809495964
endTime : 2015/09/01 15:21:36
Time taken (in mins): 31.29315
