startTime : 2015/09/01 14:19:37
number of molecules =	256
steps= 10000000
density=	0.025
temperature=	1.2
dipoleStrength squared = 1.0
-<M^2>*bt*bt:	-182.5409204027966 -<M^2>*bt*bt_err:	1.2812194319051253
AEE_new:	-182.44890031708144 AEE_err:	0.028031165791798547
endTime : 2015/09/01 14:19:37
Time taken (in mins): 33.70118333333333
