startTime : 2015/09/01 14:19:47
number of molecules =	256
steps= 10000000
density=	0.025
temperature=	1.3
dipoleStrength squared = 1.0
-<M^2>*bt*bt:	-155.13885137967202 -<M^2>*bt*bt_err:	1.0412927538875103
AEE_new:	-155.211896242169 AEE_err:	0.019414213119650765
endTime : 2015/09/01 14:19:47
Time taken (in mins): 37.623016666666665
