startTime : 2015/09/01 14:20:27
number of molecules =	256
steps= 10000000
density=	0.025
temperature=	1.9
dipoleStrength squared = 1.0
-<M^2>*bt*bt:	-72.31660203348915 -<M^2>*bt*bt_err:	0.45036813625876027
AEE_new:	-72.16224820440632 AEE_err:	0.005055714522772447
endTime : 2015/09/01 14:20:27
Time taken (in mins): 33.45131666666666
