startTime : 2015/09/01 14:20:17
number of molecules =	256
steps= 10000000
density=	0.025
temperature=	1.6
dipoleStrength squared = 1.0
-<M^2>*bt*bt:	-101.53518636055126 -<M^2>*bt*bt_err:	0.6731470345700263
AEE_new:	-102.05221672649415 AEE_err:	0.008628366042350224
endTime : 2015/09/01 14:20:17
Time taken (in mins): 33.78263333333334
