startTime : 2015/09/01 15:23:14
number of molecules =	256
steps= 10000000
density=	0.75
temperature=	1.7
dipoleStrength squared = 1.0
-<M^2>*bt*bt:	-146.40690359761047 -<M^2>*bt*bt_err:	1.7556541786584248
AEE_new:	-142.2808135432641 AEE_err:	0.06544970567486082
endTime : 2015/09/01 15:23:14
Time taken (in mins): 30.775016666666666
