startTime : 2015/09/01 14:25:08
number of molecules =	256
steps= 10000000
density=	0.125
temperature=	1.8
dipoleStrength squared = 1.0
-<M^2>*bt*bt:	-86.97135407725766 -<M^2>*bt*bt_err:	0.6692816886652638
AEE_new:	-86.39013940480856 AEE_err:	0.016046735493747397
endTime : 2015/09/01 14:25:08
Time taken (in mins): 37.44571666666667
