startTime : 2015/09/01 14:20:17
number of molecules =	256
steps= 10000000
density=	0.025
temperature=	1.7
dipoleStrength squared = 1.0
-<M^2>*bt*bt:	-90.47743450215565 -<M^2>*bt*bt_err:	0.5989733447738149
AEE_new:	-90.32462871724847 AEE_err:	0.00738573271383769
endTime : 2015/09/01 14:20:17
Time taken (in mins): 33.14351666666666
