startTime : 2015/09/01 15:17:15
number of molecules =	256
steps= 10000000
density=	0.75
temperature=	1.4
dipoleStrength squared = 1.0
-<M^2>*bt*bt:	-231.11446173219346 -<M^2>*bt*bt_err:	3.102899901650803
AEE_new:	-226.41516559209865 AEE_err:	0.11984519415920439
endTime : 2015/09/01 15:17:15
Time taken (in mins): 29.56185
