startTime : 2015/09/21 18:41:06
number of molecules =	256
steps= 10000000
density=	0.125
temperature=	1.9
truncation = 6.222612123715342
dipoleStrength squared = 2.0
-<M^2>*bt*bt:	-170.9942072023208 -<M^2>*bt*bt_err:	1.3366973269416813 mE*t^0.5:	7.267008423736841
AEE_new:	-187.37406947176183 AEE_err:	0.1611510598377004 aE*t^0.5:	0.8761041753663817
endTime : 2015/09/21 18:41:06
Time taken (in mins): 29.555966666666666
