startTime : 2015/09/21 19:15:33
number of molecules =	512
steps= 10000000
density=	0.125
temperature=	1.9
truncation = 7.839999999999999
dipoleStrength squared = 2.0
-<M^2>*bt*bt:	-343.06568556835606 -<M^2>*bt*bt_err:	4.9028932785408905 mE*t^0.5:	41.233371338093434
AEE_new:	-375.3622698134131 AEE_err:	0.31038228719564226 aE*t^0.5:	2.610317495736603
endTime : 2015/09/21 19:15:33
Time taken (in mins): 70.72823333333334
