startTime : 2015/09/21 19:13:52
number of molecules =	512
steps= 10000000
density=	0.125
temperature=	1.7
truncation = 7.839999999999999
dipoleStrength squared = 2.0
-<M^2>*bt*bt:	-425.6264212538374 -<M^2>*bt*bt_err:	5.598386833021683 mE*t^0.5:	46.09653154940816
AEE_new:	-477.42376077376355 AEE_err:	0.4514109674808426 aE*t^0.5:	3.7168706852288587
endTime : 2015/09/21 19:13:52
Time taken (in mins): 67.79703333333333
