startTime : 2015/09/21 18:40:56
number of molecules =	256
steps= 10000000
density=	0.125
temperature=	1.7
truncation = 6.222612123715342
dipoleStrength squared = 2.0
-<M^2>*bt*bt:	-215.79891352026752 -<M^2>*bt*bt_err:	2.152427207855316 mE*t^0.5:	13.170946380802668
AEE_new:	-238.2406447113117 AEE_err:	0.2590509661749068 aE*t^0.5:	1.5851622637610567
endTime : 2015/09/21 18:40:56
Time taken (in mins): 37.44355
