startTime : 2015/09/21 18:43:46
number of molecules =	256
steps= 10000000
density=	0.75
temperature=	1.9
truncation = 3.424435421766291
dipoleStrength squared = 2.0
-<M^2>*bt*bt:	-322.0454254472687 -<M^2>*bt*bt_err:	6.82901689265982 mE*t^0.5:	39.25682006398378
AEE_new:	-442.86341351082655 AEE_err:	0.427790226645638 aE*t^0.5:	2.459165677362633
endTime : 2015/09/21 18:43:46
Time taken (in mins): 33.04561666666667
