startTime : 2015/09/21 18:40:06
number of molecules =	256
steps= 10000000
density=	0.125
temperature=	1.1
truncation = 6.222612123715342
dipoleStrength squared = 2.0
-<M^2>*bt*bt:	-494.96806087434294 -<M^2>*bt*bt_err:	9.08834590387162 mE*t^0.5:	48.06063914587927
AEE_new:	-691.7963727301087 AEE_err:	5.16373428670676 aE*t^0.5:	27.3066598502701
endTime : 2015/09/21 18:40:06
Time taken (in mins): 27.96465
