startTime : 2015/09/21 18:40:56
number of molecules =	256
steps= 10000000
density=	0.125
temperature=	1.6
truncation = 6.222612123715342
dipoleStrength squared = 2.0
-<M^2>*bt*bt:	-245.68678769802446 -<M^2>*bt*bt_err:	2.853490031368493 mE*t^0.5:	16.320183608349794
AEE_new:	-271.80004732929916 AEE_err:	0.2887083597834005 aE*t^0.5:	1.6512317860353303
endTime : 2015/09/21 18:40:56
Time taken (in mins): 32.71126666666667
