startTime : 2015/09/21 19:20:07
number of molecules =	512
steps= 10000000
density=	0.75
temperature=	1.1
truncation = 4.314518271888978
dipoleStrength squared = 2.0
-<M^2>*bt*bt:	-3272.0105305465827 -<M^2>*bt*bt_err:	191.8571206923723 mE*t^0.5:	1641.504641630239
AEE_new:	-3906.2355175411776 AEE_err:	5.426980958713985 aE*t^0.5:	46.43254522750745
endTime : 2015/09/21 19:20:07
Time taken (in mins): 73.20291666666667
