startTime : 2015/09/21 18:39:46
number of molecules =	256
steps= 10000000
density=	0.025
temperature=	1.9
truncation = 10.640517057052033
dipoleStrength squared = 2.0
-<M^2>*bt*bt:	-146.66124416856846 -<M^2>*bt*bt_err:	1.2383163081983535 mE*t^0.5:	8.118637564906722
AEE_new:	-150.71050495272226 AEE_err:	0.05373721413838596 aE*t^0.5:	0.3523114106217962
endTime : 2015/09/21 18:39:46
Time taken (in mins): 42.98363333333333
