startTime : 2015/09/21 18:41:26
number of molecules =	256
steps= 10000000
density=	0.325
temperature=	1.1
truncation = 4.525309439196132
dipoleStrength squared = 2.0
-<M^2>*bt*bt:	-866.5076303862402 -<M^2>*bt*bt_err:	24.685167136547513 mE*t^0.5:	134.86583171983054
AEE_new:	-1143.95317633396 AEE_err:	2.9608861995990785 aE*t^0.5:	16.17661236514307
endTime : 2015/09/21 18:41:26
Time taken (in mins): 29.849133333333334
