startTime : 2015/09/21 19:08:16
number of molecules =	512
steps= 10000000
density=	0.025
temperature=	1.45
truncation = 13.4062114219453
dipoleStrength squared = 2.0
-<M^2>*bt*bt:	-518.633061087306 -<M^2>*bt*bt_err:	5.064711227620778 mE*t^0.5:	38.44237043727193
AEE_new:	-519.7878380911344 AEE_err:	0.3696009243418013 aE*t^0.5:	2.8053594783488207
endTime : 2015/09/21 19:08:16
Time taken (in mins): 57.61173333333333
