startTime : 2015/09/21 19:22:42
number of molecules =	512
steps= 10000000
density=	0.75
temperature=	1.4
truncation = 4.314518271888978
dipoleStrength squared = 2.0
-<M^2>*bt*bt:	-1461.6360214196723 -<M^2>*bt*bt_err:	61.91263720281271 mE*t^0.5:	570.650605299377
AEE_new:	-2015.2343552380332 AEE_err:	2.520284935712066 aE*t^0.5:	23.229540673251343
endTime : 2015/09/21 19:22:42
Time taken (in mins): 84.95363333333333
