startTime : 2015/09/21 18:43:46
number of molecules =	256
steps= 10000000
density=	0.75
temperature=	1.8
truncation = 3.424435421766291
dipoleStrength squared = 2.0
-<M^2>*bt*bt:	-372.81584724017273 -<M^2>*bt*bt_err:	8.901258958469288 mE*t^0.5:	48.613710572274236
AEE_new:	-511.89025944529646 AEE_err:	0.4632651154137476 aE*t^0.5:	2.5300956127702627
endTime : 2015/09/21 18:43:46
Time taken (in mins): 29.82735
