startTime : 2015/09/21 18:39:16
number of molecules =	256
steps= 10000000
density=	0.025
temperature=	1.4
truncation = 10.640517057052033
dipoleStrength squared = 2.0
-<M^2>*bt*bt:	-274.25822706587525 -<M^2>*bt*bt_err:	2.0984168208857876 mE*t^0.5:	11.27872200691599
AEE_new:	-278.55963153557593 AEE_err:	0.20008512966430614 aE*t^0.5:	1.0754319793571063
endTime : 2015/09/21 18:39:16
Time taken (in mins): 28.88925
