startTime : 2015/09/21 19:17:01
number of molecules =	512
steps= 10000000
density=	0.325
temperature=	1.1
truncation = 5.70153261973117
dipoleStrength squared = 2.0
-<M^2>*bt*bt:	-1673.010885707121 -<M^2>*bt*bt_err:	64.6111164276556 mE*t^0.5:	544.1914511646585
AEE_new:	-2208.2853521157144 AEE_err:	13.260771467629962 aE*t^0.5:	111.68973494851421
endTime : 2015/09/21 19:17:01
Time taken (in mins): 70.93963333333333
