startTime : 2015/09/21 18:42:26
number of molecules =	256
steps= 10000000
density=	0.325
temperature=	1.9
truncation = 4.525309439196132
dipoleStrength squared = 2.0
-<M^2>*bt*bt:	-212.07058641639736 -<M^2>*bt*bt_err:	2.6408446648171773 mE*t^0.5:	14.674556229984365
AEE_new:	-266.00117255002954 AEE_err:	0.3015578300961432 aE*t^0.5:	1.6756863413033336
endTime : 2015/09/21 18:42:26
Time taken (in mins): 30.87765
