startTime : 2015/09/21 19:08:04
number of molecules =	512
steps= 10000000
density=	0.025
temperature=	1.4
truncation = 13.4062114219453
dipoleStrength squared = 2.0
-<M^2>*bt*bt:	-561.7765412929989 -<M^2>*bt*bt_err:	6.138156701315054 mE*t^0.5:	51.33491436104728
AEE_new:	-557.2823833687332 AEE_err:	0.5261213289565081 aE*t^0.5:	4.400082089744692
endTime : 2015/09/21 19:08:04
Time taken (in mins): 69.94388333333333
