startTime : 2015/09/21 18:39:46
number of molecules =	256
steps= 10000000
density=	0.025
temperature=	1.8
truncation = 10.640517057052033
dipoleStrength squared = 2.0
-<M^2>*bt*bt:	-165.2287323215119 -<M^2>*bt*bt_err:	1.105117204798438 mE*t^0.5:	7.248917443988337
AEE_new:	-168.10562005864927 AEE_err:	0.07304822897184894 aE*t^0.5:	0.4791533232378453
endTime : 2015/09/21 18:39:46
Time taken (in mins): 43.025866666666666
