startTime : 2015/09/21 18:43:16
number of molecules =	256
steps= 10000000
density=	0.75
temperature=	1.4
truncation = 3.424435421766291
dipoleStrength squared = 2.0
-<M^2>*bt*bt:	-728.3738391387992 -<M^2>*bt*bt_err:	18.815533069447486 mE*t^0.5:	119.63128404837033
AEE_new:	-1007.0377190276539 AEE_err:	1.0921575364475562 aE*t^0.5:	6.944060951453163
endTime : 2015/09/21 18:43:16
Time taken (in mins): 40.4256
