startTime : 2015/09/21 19:11:42
number of molecules =	512
steps= 10000000
density=	0.125
temperature=	1.2
truncation = 7.839999999999999
dipoleStrength squared = 2.0
-<M^2>*bt*bt:	-874.0579419817674 -<M^2>*bt*bt_err:	22.29834814022904 mE*t^0.5:	172.07887271393867
AEE_new:	-1026.5628921791933 AEE_err:	3.89647009763959 aE*t^0.5:	30.069500114931113
endTime : 2015/09/21 19:11:42
Time taken (in mins): 59.55383333333333
