startTime : 2015/09/21 18:38:41
number of molecules =	256
steps= 10000000
density=	0.025
temperature=	1.05
truncation = 10.640517057052033
dipoleStrength squared = 2.0
-<M^2>*bt*bt:	-502.4999264192131 -<M^2>*bt*bt_err:	4.141833155026255 mE*t^0.5:	23.538630943261456
AEE_new:	-476.7217446451313 AEE_err:	0.9386224036311746 aE*t^0.5:	5.33432553345118
endTime : 2015/09/21 18:38:41
Time taken (in mins): 32.298116666666665
