startTime : 2015/09/21 18:40:46
number of molecules =	256
steps= 10000000
density=	0.125
temperature=	1.5
truncation = 6.222612123715342
dipoleStrength squared = 2.0
-<M^2>*bt*bt:	-285.07520515529484 -<M^2>*bt*bt_err:	3.430016641654149 mE*t^0.5:	20.718317948634816
AEE_new:	-312.6797286479064 AEE_err:	0.4826890433703716 aE*t^0.5:	2.9155850002077326
endTime : 2015/09/21 18:40:46
Time taken (in mins): 36.48518333333333
