startTime : 2015/09/21 18:54:31
number of molecules =	512
steps= 10000000
density=	0.025
temperature=	1.3
truncation = 13.4062114219453
dipoleStrength squared = 2.0
-<M^2>*bt*bt:	-648.2474760402923 -<M^2>*bt*bt_err:	6.521097294238802 mE*t^0.5:	49.64259288274031
AEE_new:	-644.0767124940409 AEE_err:	0.611230371361639 aE*t^0.5:	4.653060537814582
endTime : 2015/09/21 18:54:31
Time taken (in mins): 57.951883333333335
