startTime : 2015/09/21 18:44:16
number of molecules =	512
steps= 10000000
density=	0.025
temperature=	1.15
truncation = 13.4062114219453
dipoleStrength squared = 2.0
-<M^2>*bt*bt:	-839.1673531025056 -<M^2>*bt*bt_err:	9.599605561308179 mE*t^0.5:	79.40788846238239
AEE_new:	-810.6227163571532 AEE_err:	1.1299221917069644 aE*t^0.5:	9.346710632765843
endTime : 2015/09/21 18:44:16
Time taken (in mins): 68.4259
