startTime : 2015/09/21 18:43:07
number of molecules =	256
steps= 10000000
density=	0.75
temperature=	1.3
truncation = 3.424435421766291
dipoleStrength squared = 2.0
-<M^2>*bt*bt:	-892.8435203608599 -<M^2>*bt*bt_err:	27.73880423744768 mE*t^0.5:	178.51747056235675
AEE_new:	-1233.4166400442687 AEE_err:	1.5823242482567061 aE*t^0.5:	10.183298457650489
endTime : 2015/09/21 18:43:07
Time taken (in mins): 41.4177
