startTime : 2015/09/21 19:19:10
number of molecules =	512
steps= 10000000
density=	0.75
temperature=	1.0
truncation = 4.314518271888978
dipoleStrength squared = 2.0
-<M^2>*bt*bt:	-3982.4219134691007 -<M^2>*bt*bt_err:	200.61312058388253 mE*t^0.5:	1630.36539933073
AEE_new:	-5078.209788301208 AEE_err:	7.332020632969452 aE*t^0.5:	59.58669459096575
endTime : 2015/09/21 19:19:10
Time taken (in mins): 66.04671666666667
