startTime : 2015/09/21 19:09:28
number of molecules =	512
steps= 10000000
density=	0.025
temperature=	1.6
truncation = 13.4062114219453
dipoleStrength squared = 2.0
-<M^2>*bt*bt:	-418.2343140407299 -<M^2>*bt*bt_err:	4.523216020445231 mE*t^0.5:	34.94801323125546
AEE_new:	-426.79648793286685 AEE_err:	0.23039636216828632 aE*t^0.5:	1.780126148540177
endTime : 2015/09/21 19:09:28
Time taken (in mins): 59.6967
