startTime : 2015/09/21 18:41:56
number of molecules =	256
steps= 10000000
density=	0.325
temperature=	1.35
truncation = 4.525309439196132
dipoleStrength squared = 2.0
-<M^2>*bt*bt:	-492.4844002130121 -<M^2>*bt*bt_err:	9.721526689713736 mE*t^0.5:	53.35320518478452
AEE_new:	-626.9175979306574 AEE_err:	1.2777003284650754 aE*t^0.5:	7.012212172538004
endTime : 2015/09/21 18:41:56
Time taken (in mins): 30.1198
