startTime : 2015/09/21 18:47:35
number of molecules =	512
steps= 10000000
density=	0.025
temperature=	1.25
truncation = 13.4062114219453
dipoleStrength squared = 2.0
-<M^2>*bt*bt:	-696.3937571947521 -<M^2>*bt*bt_err:	8.459541884957861 mE*t^0.5:	64.05863925735964
AEE_new:	-695.6352029089583 AEE_err:	0.8461687276125979 aE*t^0.5:	6.407488491708605
endTime : 2015/09/21 18:47:35
Time taken (in mins): 57.34053333333333
