startTime : 2015/09/21 18:42:57
number of molecules =	256
steps= 10000000
density=	0.75
temperature=	1.15
truncation = 3.424435421766291
dipoleStrength squared = 2.0
-<M^2>*bt*bt:	-1335.6769653167787 -<M^2>*bt*bt_err:	40.846987959823146 mE*t^0.5:	269.49850869308
AEE_new:	-1723.8955837004646 AEE_err:	2.5570238614585055 aE*t^0.5:	16.870622578915647
endTime : 2015/09/21 18:42:57
Time taken (in mins): 43.5304
