startTime : 2015/09/21 18:42:07
number of molecules =	256
steps= 10000000
density=	0.325
temperature=	1.5
truncation = 4.525309439196132
dipoleStrength squared = 2.0
-<M^2>*bt*bt:	-364.433586802314 -<M^2>*bt*bt_err:	6.058890404727322 mE*t^0.5:	37.790893073032244
AEE_new:	-474.34294045105406 AEE_err:	0.7933877336902835 aE*t^0.5:	4.94856797309808
endTime : 2015/09/21 18:42:07
Time taken (in mins): 38.90345
