startTime : 2015/09/21 19:23:27
number of molecules =	512
steps= 10000000
density=	0.75
temperature=	1.7
truncation = 4.314518271888978
dipoleStrength squared = 2.0
-<M^2>*bt*bt:	-832.6718171631553 -<M^2>*bt*bt_err:	26.164379318482908 mE*t^0.5:	224.71031087170718
AEE_new:	-1194.295175564548 AEE_err:	1.3412946755648607 aE*t^0.5:	11.519583164880585
endTime : 2015/09/21 19:23:27
Time taken (in mins): 73.76071666666667
