startTime : 2015/09/21 19:17:47
number of molecules =	512
steps= 10000000
density=	0.325
temperature=	1.5
truncation = 5.70153261973117
dipoleStrength squared = 2.0
-<M^2>*bt*bt:	-728.5455713453395 -<M^2>*bt*bt_err:	16.636081349469645 mE*t^0.5:	132.70371398744908
AEE_new:	-953.0387882274415 AEE_err:	1.627761721265334 aE*t^0.5:	12.984429527654301
endTime : 2015/09/21 19:17:47
Time taken (in mins): 63.630316666666666
