startTime : 2015/09/21 18:39:06
number of molecules =	256
steps= 10000000
density=	0.025
temperature=	1.3
truncation = 10.640517057052033
dipoleStrength squared = 2.0
-<M^2>*bt*bt:	-318.8953211432081 -<M^2>*bt*bt_err:	2.3903833415179045 mE*t^0.5:	15.711635912411865
AEE_new:	-321.437866790429 AEE_err:	0.32380333359268704 aE*t^0.5:	2.128311386826754
endTime : 2015/09/21 18:39:06
Time taken (in mins): 43.20238333333333
