startTime : 2015/09/21 19:23:07
number of molecules =	512
steps= 10000000
density=	0.75
temperature=	1.6
truncation = 4.314518271888978
dipoleStrength squared = 2.0
-<M^2>*bt*bt:	-1062.951443296701 -<M^2>*bt*bt_err:	38.06197057415466 mE*t^0.5:	350.62850360172695
AEE_new:	-1406.4017113905502 AEE_err:	1.7503689136263412 aE*t^0.5:	16.12447342262744
endTime : 2015/09/21 19:23:07
Time taken (in mins): 84.86173333333333
