startTime : 2015/09/21 19:12:37
number of molecules =	512
steps= 10000000
density=	0.125
temperature=	1.4
truncation = 7.839999999999999
dipoleStrength squared = 2.0
-<M^2>*bt*bt:	-670.2033745632076 -<M^2>*bt*bt_err:	11.869744378871157 mE*t^0.5:	90.66512673773286
AEE_new:	-727.3483984807601 AEE_err:	1.2331353614519658 aE*t^0.5:	9.419105438347712
endTime : 2015/09/21 19:12:37
Time taken (in mins): 58.34421666666667
