startTime : 2015/09/21 18:42:26
number of molecules =	256
steps= 10000000
density=	0.325
temperature=	1.8
truncation = 4.525309439196132
dipoleStrength squared = 2.0
-<M^2>*bt*bt:	-234.20508796532465 -<M^2>*bt*bt_err:	3.0704579584451936 mE*t^0.5:	16.697928420042313
AEE_new:	-302.5864310336931 AEE_err:	0.31867919546414225 aE*t^0.5:	1.733058216993627
endTime : 2015/09/21 18:42:26
Time taken (in mins): 29.5746
