startTime : 2015/09/21 18:38:55
number of molecules =	256
steps= 10000000
density=	0.025
temperature=	1.2
truncation = 10.640517057052033
dipoleStrength squared = 2.0
-<M^2>*bt*bt:	-383.35083078294485 -<M^2>*bt*bt_err:	2.8067398466853684 mE*t^0.5:	18.569972867193957
AEE_new:	-375.4439740960468 AEE_err:	0.48579647375090756 aE*t^0.5:	3.214130211314922
endTime : 2015/09/21 18:38:55
Time taken (in mins): 43.7742
