startTime : 2015/09/21 18:38:41
number of molecules =	256
steps= 10000000
density=	0.025
temperature=	1.1
truncation = 10.640517057052033
dipoleStrength squared = 2.0
-<M^2>*bt*bt:	-462.29214546845947 -<M^2>*bt*bt_err:	3.878334450301579 mE*t^0.5:	22.285551181551824
AEE_new:	-440.57794355072815 AEE_err:	0.7385286826613581 aE*t^0.5:	4.243707954380759
endTime : 2015/09/21 18:38:41
Time taken (in mins): 33.01841666666667
