startTime : 2015/09/21 18:43:27
number of molecules =	256
steps= 10000000
density=	0.75
temperature=	1.5
truncation = 3.424435421766291
dipoleStrength squared = 2.0
-<M^2>*bt*bt:	-596.4291235271734 -<M^2>*bt*bt_err:	14.106056543594546 mE*t^0.5:	92.12727336455619
AEE_new:	-835.4432278107942 AEE_err:	1.1400238694629294 aE*t^0.5:	7.445545843343618
endTime : 2015/09/21 18:43:27
Time taken (in mins): 42.65453333333333
