startTime : 2015/09/21 18:42:46
number of molecules =	256
steps= 10000000
density=	0.75
temperature=	1.1
truncation = 3.424435421766291
dipoleStrength squared = 2.0
-<M^2>*bt*bt:	-1592.237685955309 -<M^2>*bt*bt_err:	64.2767926469102 mE*t^0.5:	382.79164098921683
AEE_new:	-1945.7036831825737 AEE_err:	2.836328026128057 aE*t^0.5:	16.891363348968476
endTime : 2015/09/21 18:42:46
Time taken (in mins): 35.46635
