startTime : 2015/09/21 18:44:16
number of molecules =	512
steps= 10000000
density=	0.025
temperature=	1.2
truncation = 13.4062114219453
dipoleStrength squared = 2.0
-<M^2>*bt*bt:	-764.4194845174438 -<M^2>*bt*bt_err:	9.4896405000736 mE*t^0.5:	76.45301841255151
AEE_new:	-750.102375165458 AEE_err:	0.9503800077803408 aE*t^0.5:	7.656709464725004
endTime : 2015/09/21 18:44:16
Time taken (in mins): 64.90673333333334
