startTime : 2015/09/21 19:13:37
number of molecules =	512
steps= 10000000
density=	0.125
temperature=	1.6
truncation = 7.839999999999999
dipoleStrength squared = 2.0
-<M^2>*bt*bt:	-483.94495464931714 -<M^2>*bt*bt_err:	7.2058378953264794 mE*t^0.5:	52.13728723945177
AEE_new:	-543.8035633029428 AEE_err:	0.6537649453634841 aE*t^0.5:	4.730266103489153
endTime : 2015/09/21 19:13:37
Time taken (in mins): 52.35135
