startTime : 2015/09/21 19:08:36
number of molecules =	512
steps= 10000000
density=	0.025
temperature=	1.5
truncation = 13.4062114219453
dipoleStrength squared = 2.0
-<M^2>*bt*bt:	-487.15746499398216 -<M^2>*bt*bt_err:	5.925035685107407 mE*t^0.5:	42.658803079799306
AEE_new:	-485.3780359142351 AEE_err:	0.3131894331122207 aE*t^0.5:	2.254887069691296
endTime : 2015/09/21 19:08:36
Time taken (in mins): 51.83646666666667
