startTime : 2015/09/21 18:39:36
number of molecules =	256
steps= 10000000
density=	0.025
temperature=	1.6
truncation = 10.640517057052033
dipoleStrength squared = 2.0
-<M^2>*bt*bt:	-209.59770695717916 -<M^2>*bt*bt_err:	1.602406849551938 mE*t^0.5:	8.828985459665514
AEE_new:	-213.22000468738892 AEE_err:	0.12935470118998257 aE*t^0.5:	0.7127221006731701
endTime : 2015/09/21 18:39:36
Time taken (in mins): 30.3582
