startTime : 2015/09/21 18:39:27
number of molecules =	256
steps= 10000000
density=	0.025
temperature=	1.5
truncation = 10.640517057052033
dipoleStrength squared = 2.0
-<M^2>*bt*bt:	-236.3144874691395 -<M^2>*bt*bt_err:	1.4643340339685602 mE*t^0.5:	8.022751061844053
AEE_new:	-242.91925153468048 AEE_err:	0.1521016833873771 aE*t^0.5:	0.8333303150765581
endTime : 2015/09/21 18:39:27
Time taken (in mins): 30.016933333333334
