startTime : 2015/09/21 19:13:27
number of molecules =	512
steps= 10000000
density=	0.125
temperature=	1.5
truncation = 7.839999999999999
dipoleStrength squared = 2.0
-<M^2>*bt*bt:	-562.7593573346536 -<M^2>*bt*bt_err:	8.992485432929216 mE*t^0.5:	68.6581415649743
AEE_new:	-621.9641189996205 AEE_err:	0.9532842965556174 aE*t^0.5:	7.278380228997777
endTime : 2015/09/21 19:13:27
Time taken (in mins): 58.2941
