startTime : 2015/09/21 19:11:03
number of molecules =	512
steps= 10000000
density=	0.125
temperature=	1.1
truncation = 7.839999999999999
dipoleStrength squared = 2.0
-<M^2>*bt*bt:	-1008.6569852714974 -<M^2>*bt*bt_err:	27.046683041270192 mE*t^0.5:	209.84807167716556
AEE_new:	-1315.4272040987953 AEE_err:	9.177974574544331 aE*t^0.5:	71.20948115638997
endTime : 2015/09/21 19:11:03
Time taken (in mins): 60.19798333333333
