startTime : 2015/09/21 19:17:14
number of molecules =	512
steps= 10000000
density=	0.325
temperature=	1.2
truncation = 5.70153261973117
dipoleStrength squared = 2.0
-<M^2>*bt*bt:	-1297.54136846406 -<M^2>*bt*bt_err:	42.875341906681804 mE*t^0.5:	350.3260466199492
AEE_new:	-1695.4962598256986 AEE_err:	6.299327702789429 aE*t^0.5:	51.47057661452329
endTime : 2015/09/21 19:17:14
Time taken (in mins): 66.76205
