startTime : 2015/09/21 19:12:02
number of molecules =	512
steps= 10000000
density=	0.125
temperature=	1.3
truncation = 7.839999999999999
dipoleStrength squared = 2.0
-<M^2>*bt*bt:	-765.7809394688805 -<M^2>*bt*bt_err:	14.476774074991166 mE*t^0.5:	109.64913263607453
AEE_new:	-867.8364126360389 AEE_err:	2.2981859179105077 aE*t^0.5:	17.406784911470805
endTime : 2015/09/21 19:12:02
Time taken (in mins): 57.36761666666666
