startTime : 2015/09/21 18:41:37
number of molecules =	256
steps= 10000000
density=	0.325
temperature=	1.2
truncation = 4.525309439196132
dipoleStrength squared = 2.0
-<M^2>*bt*bt:	-658.4830826606229 -<M^2>*bt*bt_err:	14.696840349521562 mE*t^0.5:	87.83779478086886
AEE_new:	-869.780741609649 AEE_err:	2.480342116354346 aE*t^0.5:	14.824123867533977
endTime : 2015/09/21 18:41:37
Time taken (in mins): 35.720283333333334
