startTime : 2015/09/21 19:24:32
number of molecules =	512
steps= 10000000
density=	0.75
temperature=	1.9
truncation = 4.314518271888978
dipoleStrength squared = 2.0
-<M^2>*bt*bt:	-627.4066546209812 -<M^2>*bt*bt_err:	16.145893634514014 mE*t^0.5:	149.05828607731644
AEE_new:	-888.4424891289916 AEE_err:	0.8935783968498199 aE*t^0.5:	8.249482334345837
endTime : 2015/09/21 19:24:32
Time taken (in mins): 85.22913333333334
