startTime : 2015/09/21 18:42:17
number of molecules =	256
steps= 10000000
density=	0.325
temperature=	1.7
truncation = 4.525309439196132
dipoleStrength squared = 2.0
-<M^2>*bt*bt:	-277.1035363034255 -<M^2>*bt*bt_err:	4.146471013881455 mE*t^0.5:	22.530458619916747
AEE_new:	-348.9386575375292 AEE_err:	0.47111197619470174 aE*t^0.5:	2.5598560437218554
endTime : 2015/09/21 18:42:17
Time taken (in mins): 29.524516666666667
