startTime : 2015/09/21 19:10:42
number of molecules =	512
steps= 10000000
density=	0.025
temperature=	1.9
truncation = 13.4062114219453
dipoleStrength squared = 2.0
-<M^2>*bt*bt:	-294.3215282600641 -<M^2>*bt*bt_err:	2.607939350303647 mE*t^0.5:	20.271256068913562
AEE_new:	-301.4178866789246 AEE_err:	0.10674188248679889 aE*t^0.5:	0.8296941540898357
endTime : 2015/09/21 19:10:42
Time taken (in mins): 60.418
