startTime : 2015/09/21 19:10:08
number of molecules =	512
steps= 10000000
density=	0.025
temperature=	1.7
truncation = 13.4062114219453
dipoleStrength squared = 2.0
-<M^2>*bt*bt:	-373.15636309451213 -<M^2>*bt*bt_err:	3.6127041302732437 mE*t^0.5:	28.015450984829176
AEE_new:	-377.32977761323826 AEE_err:	0.1670577916826724 aE*t^0.5:	1.2954837168372626
endTime : 2015/09/21 19:10:08
Time taken (in mins): 60.13543333333333
