startTime : 2015/09/21 18:44:06
number of molecules =	512
steps= 10000000
density=	0.025
temperature=	1.1
truncation = 13.4062114219453
dipoleStrength squared = 2.0
-<M^2>*bt*bt:	-909.4101642332766 -<M^2>*bt*bt_err:	10.698952776789852 mE*t^0.5:	84.95248101265804
AEE_new:	-880.0969127910856 AEE_err:	1.6402707067819415 aE*t^0.5:	13.02417806496026
endTime : 2015/09/21 18:44:06
Time taken (in mins): 63.04775
