startTime : 2015/09/21 19:14:29
number of molecules =	512
steps= 10000000
density=	0.125
temperature=	1.8
truncation = 7.839999999999999
dipoleStrength squared = 2.0
-<M^2>*bt*bt:	-384.581834556655 -<M^2>*bt*bt_err:	5.293121874455447 mE*t^0.5:	44.36410871746118
AEE_new:	-421.5410533819828 AEE_err:	0.3969665687437855 aE*t^0.5:	3.3271608760678015
endTime : 2015/09/21 19:14:29
Time taken (in mins): 70.24893333333333
