startTime : 2015/09/21 18:40:17
number of molecules =	256
steps= 10000000
density=	0.125
temperature=	1.2
truncation = 6.222612123715342
dipoleStrength squared = 2.0
-<M^2>*bt*bt:	-440.49720617159034 -<M^2>*bt*bt_err:	7.402065985710546 mE*t^0.5:	49.692401556006175
AEE_new:	-556.0641775441416 AEE_err:	1.8595250957566292 aE*t^0.5:	12.483577955153704
endTime : 2015/09/21 18:40:17
Time taken (in mins): 45.0686
