startTime : 2015/09/21 19:20:35
number of molecules =	512
steps= 10000000
density=	0.75
temperature=	1.15
truncation = 4.314518271888978
dipoleStrength squared = 2.0
-<M^2>*bt*bt:	-2600.1077929902285 -<M^2>*bt*bt_err:	118.9691914957637 mE*t^0.5:	1094.486603529258
AEE_new:	-3451.1880931514092 AEE_err:	4.692730544196991 aE*t^0.5:	43.17193930648054
endTime : 2015/09/21 19:20:35
Time taken (in mins): 84.63536666666667
