startTime : 2015/09/21 19:22:57
number of molecules =	512
steps= 10000000
density=	0.75
temperature=	1.5
truncation = 4.314518271888978
dipoleStrength squared = 2.0
-<M^2>*bt*bt:	-1212.726632695246 -<M^2>*bt*bt_err:	42.31900250034367 mE*t^0.5:	362.3967626860792
AEE_new:	-1671.1418879886837 AEE_err:	2.1818890683970014 aE*t^0.5:	18.684503135932783
endTime : 2015/09/21 19:22:57
Time taken (in mins): 73.33271666666667
