startTime : 2015/09/21 18:41:16
number of molecules =	256
steps= 10000000
density=	0.125
temperature=	2.0
truncation = 6.222612123715342
dipoleStrength squared = 2.0
-<M^2>*bt*bt:	-149.7385853569327 -<M^2>*bt*bt_err:	1.301341357840939 mE*t^0.5:	7.806276675910579
AEE_new:	-167.77978055597148 AEE_err:	0.12282200005442087 aE*t^0.5:	0.7367648069713496
endTime : 2015/09/21 18:41:16
Time taken (in mins): 35.983666666666664
