startTime : 2015/09/21 18:41:06
number of molecules =	256
steps= 10000000
density=	0.125
temperature=	1.8
truncation = 6.222612123715342
dipoleStrength squared = 2.0
-<M^2>*bt*bt:	-190.9642116928672 -<M^2>*bt*bt_err:	1.8388434389786394 mE*t^0.5:	10.959576315517964
AEE_new:	-210.4478817976761 AEE_err:	0.2136867677876376 aE*t^0.5:	1.27358120302279
endTime : 2015/09/21 18:41:06
Time taken (in mins): 35.52205
