startTime : 2015/09/21 18:42:37
number of molecules =	256
steps= 10000000
density=	0.325
temperature=	2.0
truncation = 4.525309439196132
dipoleStrength squared = 2.0
-<M^2>*bt*bt:	-187.8803584840854 -<M^2>*bt*bt_err:	2.534050918009309 mE*t^0.5:	15.029574699996145
AEE_new:	-235.31072782015343 AEE_err:	0.22876708190329345 aE*t^0.5:	1.3568282791518296
endTime : 2015/09/21 18:42:37
Time taken (in mins): 35.17731666666667
