startTime : 2015/09/21 18:40:37
number of molecules =	256
steps= 10000000
density=	0.125
temperature=	1.4
truncation = 6.222612123715342
dipoleStrength squared = 2.0
-<M^2>*bt*bt:	-329.1398122275663 -<M^2>*bt*bt_err:	4.009562608263613 mE*t^0.5:	24.293885469354194
AEE_new:	-361.34807436498323 AEE_err:	0.6192869367515572 aE*t^0.5:	3.7522511515601167
endTime : 2015/09/21 18:40:37
Time taken (in mins): 36.71131666666667
