startTime : 2015/09/21 18:40:27
number of molecules =	256
steps= 10000000
density=	0.125
temperature=	1.3
truncation = 6.222612123715342
dipoleStrength squared = 2.0
-<M^2>*bt*bt:	-382.01604599472176 -<M^2>*bt*bt_err:	4.945657378175326 mE*t^0.5:	33.3695870273995
AEE_new:	-434.8208974409596 AEE_err:	1.4068331974879802 aE*t^0.5:	9.492255372111952
endTime : 2015/09/21 18:40:27
Time taken (in mins): 45.52538333333333
