startTime : 2015/09/21 18:42:57
number of molecules =	256
steps= 10000000
density=	0.75
temperature=	1.2
truncation = 3.424435421766291
dipoleStrength squared = 2.0
-<M^2>*bt*bt:	-1216.1521558656232 -<M^2>*bt*bt_err:	43.71691614319262 mE*t^0.5:	278.22998105518906
AEE_new:	-1532.3064711978218 AEE_err:	2.2100254897393077 aE*t^0.5:	14.065387140474249
endTime : 2015/09/21 18:42:57
Time taken (in mins): 40.50501666666667
