startTime : 2015/09/21 18:43:37
number of molecules =	256
steps= 10000000
density=	0.75
temperature=	1.7
truncation = 3.424435421766291
dipoleStrength squared = 2.0
-<M^2>*bt*bt:	-423.5509129884902 -<M^2>*bt*bt_err:	9.382052105192596 mE*t^0.5:	50.472475649915836
AEE_new:	-596.4014635244685 AEE_err:	0.6260777880388347 aE*t^0.5:	3.3681006625676346
endTime : 2015/09/21 18:43:37
Time taken (in mins): 28.941
