startTime : 2015/09/21 19:17:57
number of molecules =	512
steps= 10000000
density=	0.325
temperature=	1.6
truncation = 5.70153261973117
dipoleStrength squared = 2.0
-<M^2>*bt*bt:	-628.3970946065185 -<M^2>*bt*bt_err:	14.534391056971813 mE*t^0.5:	111.14066262342357
AEE_new:	-807.7704832273508 AEE_err:	1.1186975102845136 aE*t^0.5:	8.554385393982878
endTime : 2015/09/21 19:17:57
Time taken (in mins): 58.47258333333333
