startTime : 2015/09/21 19:16:49
number of molecules =	512
steps= 10000000
density=	0.325
temperature=	1.0
truncation = 5.70153261973117
dipoleStrength squared = 2.0
-<M^2>*bt*bt:	-2137.856471724698 -<M^2>*bt*bt_err:	91.8360575932237 mE*t^0.5:	712.979294288431
AEE_new:	-2801.2207409026414 AEE_err:	13.42461533867776 aE*t^0.5:	104.22347192493557
endTime : 2015/09/21 19:16:49
Time taken (in mins): 60.273633333333336
