startTime : 2015/09/21 19:18:27
number of molecules =	512
steps= 10000000
density=	0.325
temperature=	1.9
truncation = 5.70153261973117
dipoleStrength squared = 2.0
-<M^2>*bt*bt:	-425.4115291109636 -<M^2>*bt*bt_err:	7.474998657950633 mE*t^0.5:	61.81744801060291
AEE_new:	-531.8100231855277 AEE_err:	0.5341733485640561 aE*t^0.5:	4.4175570745268065
endTime : 2015/09/21 19:18:27
Time taken (in mins): 68.39115
