startTime : 2015/09/21 18:39:38
number of molecules =	256
steps= 10000000
density=	0.025
temperature=	1.7
truncation = 10.640517057052033
dipoleStrength squared = 2.0
-<M^2>*bt*bt:	-186.2150651111106 -<M^2>*bt*bt_err:	1.33901289753753 mE*t^0.5:	8.782186032359208
AEE_new:	-188.83025684797914 AEE_err:	0.10134330114009461 aE*t^0.5:	0.6646804712504769
endTime : 2015/09/21 18:39:38
Time taken (in mins): 43.01656666666667
