startTime : 2015/09/21 19:17:27
number of molecules =	512
steps= 10000000
density=	0.325
temperature=	1.3
truncation = 5.70153261973117
dipoleStrength squared = 2.0
-<M^2>*bt*bt:	-1069.6470770514347 -<M^2>*bt*bt_err:	33.15092898986306 mE*t^0.5:	271.3030387014588
AEE_new:	-1419.9860081985087 AEE_err:	4.686987641876927 aE*t^0.5:	38.35771811964077
endTime : 2015/09/21 19:17:27
Time taken (in mins): 66.9758
