startTime : 2015/09/21 19:22:32
number of molecules =	512
steps= 10000000
density=	0.75
temperature=	1.3
truncation = 4.314518271888978
dipoleStrength squared = 2.0
-<M^2>*bt*bt:	-1734.9163268901684 -<M^2>*bt*bt_err:	63.027531810962934 mE*t^0.5:	582.8528723793503
AEE_new:	-2469.3704634866367 AEE_err:	3.1501525865462527 aE*t^0.5:	29.13132452986773
endTime : 2015/09/21 19:22:32
Time taken (in mins): 85.51795
