startTime : 2015/09/21 18:39:27
number of molecules =	256
steps= 10000000
density=	0.025
temperature=	1.45
truncation = 10.640517057052033
dipoleStrength squared = 2.0
-<M^2>*bt*bt:	-257.7545028189064 -<M^2>*bt*bt_err:	1.8339537581691983 mE*t^0.5:	9.879077263829988
AEE_new:	-260.15670478002943 AEE_err:	0.17656522374913533 aE*t^0.5:	0.9511153047089045
endTime : 2015/09/21 18:39:27
Time taken (in mins): 29.017233333333333
