startTime : 2015/09/21 19:21:01
number of molecules =	512
steps= 10000000
density=	0.75
temperature=	1.2
truncation = 4.314518271888978
dipoleStrength squared = 2.0
-<M^2>*bt*bt:	-2269.617210180962 -<M^2>*bt*bt_err:	105.49517816934441 mE*t^0.5:	967.0992955673446
AEE_new:	-3073.337370114202 AEE_err:	4.118243571246735 aE*t^0.5:	37.75291464349411
endTime : 2015/09/21 19:21:01
Time taken (in mins): 84.03823333333334
