startTime : 2015/09/21 19:18:17
number of molecules =	512
steps= 10000000
density=	0.325
temperature=	1.8
truncation = 5.70153261973117
dipoleStrength squared = 2.0
-<M^2>*bt*bt:	-474.66384882930464 -<M^2>*bt*bt_err:	7.802770017409506 mE*t^0.5:	61.85788340672717
AEE_new:	-606.7661438921423 AEE_err:	0.7715995669089397 aE*t^0.5:	6.116996392312024
endTime : 2015/09/21 19:18:17
Time taken (in mins): 62.84815
