startTime : 2015/09/21 18:41:56
number of molecules =	256
steps= 10000000
density=	0.325
temperature=	1.4
truncation = 4.525309439196132
dipoleStrength squared = 2.0
-<M^2>*bt*bt:	-442.01272746332614 -<M^2>*bt*bt_err:	7.856641272401912 mE*t^0.5:	46.35956521597439
AEE_new:	-567.361915846602 AEE_err:	0.9625211837211962 aE*t^0.5:	5.679534299882565
endTime : 2015/09/21 18:41:56
Time taken (in mins): 34.818083333333334
