startTime : 2015/09/21 18:41:16
number of molecules =	256
steps= 10000000
density=	0.325
temperature=	1.0
truncation = 4.525309439196132
dipoleStrength squared = 2.0
-<M^2>*bt*bt:	-1237.6002939735888 -<M^2>*bt*bt_err:	53.76388289119974 mE*t^0.5:	327.9471992509558
AEE_new:	-1502.2000486366776 AEE_err:	4.706978511730704 aE*t^0.5:	28.711475749999916
endTime : 2015/09/21 18:41:16
Time taken (in mins): 37.207166666666666
