startTime : 2015/09/21 19:17:57
number of molecules =	512
steps= 10000000
density=	0.325
temperature=	1.7
truncation = 5.70153261973117
dipoleStrength squared = 2.0
-<M^2>*bt*bt:	-556.5123570481456 -<M^2>*bt*bt_err:	11.525467212000082 mE*t^0.5:	94.14868857994234
AEE_new:	-694.4827763993286 AEE_err:	0.9021167979452768 aE*t^0.5:	7.369168807669159
endTime : 2015/09/21 19:17:57
Time taken (in mins): 66.72851666666666
