startTime : 2015/09/21 18:42:16
number of molecules =	256
steps= 10000000
density=	0.325
temperature=	1.6
truncation = 4.525309439196132
dipoleStrength squared = 2.0
-<M^2>*bt*bt:	-323.38951549076495 -<M^2>*bt*bt_err:	4.604751691623644 mE*t^0.5:	30.365035234576457
AEE_new:	-404.02200454913884 AEE_err:	0.5662987952242027 aE*t^0.5:	3.734334448817561
endTime : 2015/09/21 18:42:16
Time taken (in mins): 43.484566666666666
