startTime : 2015/09/21 19:17:37
number of molecules =	512
steps= 10000000
density=	0.325
temperature=	1.4
truncation = 5.70153261973117
dipoleStrength squared = 2.0
-<M^2>*bt*bt:	-890.0300859628213 -<M^2>*bt*bt_err:	23.44825794510473 mE*t^0.5:	193.7403237283051
AEE_new:	-1128.5165954080398 AEE_err:	2.0834114378911597 aE*t^0.5:	17.214106369064172
endTime : 2015/09/21 19:17:37
Time taken (in mins): 68.26826666666666
