startTime : 2015/09/21 19:10:33
number of molecules =	512
steps= 10000000
density=	0.025
temperature=	1.8
truncation = 13.4062114219453
dipoleStrength squared = 2.0
-<M^2>*bt*bt:	-324.912262332361 -<M^2>*bt*bt_err:	3.148922748056914 mE*t^0.5:	29.36111136338625
AEE_new:	-336.37257272253913 AEE_err:	0.14554785817766613 aE*t^0.5:	1.3571139130973575
endTime : 2015/09/21 19:10:33
Time taken (in mins): 86.94026666666667
