startTime : 2015/09/21 18:43:37
number of molecules =	256
steps= 10000000
density=	0.75
temperature=	1.6
truncation = 3.424435421766291
dipoleStrength squared = 2.0
-<M^2>*bt*bt:	-500.8817992427984 -<M^2>*bt*bt_err:	11.865763068733362 mE*t^0.5:	64.63902793653827
AEE_new:	-700.4072208943091 AEE_err:	0.7856444972633292 aE*t^0.5:	4.279817177591165
endTime : 2015/09/21 18:43:37
Time taken (in mins): 29.675516666666667
