startTime : 2015/09/10 16:04:51
number of molecules =	256
steps= 10000000
density=	0.75
temperature=	1.2
dipoleStrength squared = 1.0
-<M^2>*bt*bt:	-347.276739229486 -<M^2>*bt*bt_err:	5.029419841530815
AEE_new:	-329.9201514515325 AEE_err:	0.17568569445359986
endTime : 2015/09/10 16:04:51
Time taken (in mins): 44.03033333333333
