startTime : 2015/09/21 19:17:47
number of molecules =	512
steps= 10000000
density=	0.325
temperature=	1.45
truncation = 5.70153261973117
dipoleStrength squared = 2.0
-<M^2>*bt*bt:	-829.003646309472 -<M^2>*bt*bt_err:	22.71327286903754 mE*t^0.5:	184.5614503099053
AEE_new:	-1039.487315668487 AEE_err:	1.703821146583812 aE*t^0.5:	13.844755165639812
endTime : 2015/09/21 19:17:47
Time taken (in mins): 66.02715
