startTime : 2015/09/21 18:41:46
number of molecules =	256
steps= 10000000
density=	0.325
temperature=	1.3
truncation = 4.525309439196132
dipoleStrength squared = 2.0
-<M^2>*bt*bt:	-553.4657922398752 -<M^2>*bt*bt_err:	11.016488119577057 mE*t^0.5:	65.40018686789136
AEE_new:	-696.9951023354101 AEE_err:	1.7671862734151533 aE*t^0.5:	10.491030467898396
endTime : 2015/09/21 18:41:46
Time taken (in mins): 35.2429
