startTime : 2015/09/21 19:23:47
number of molecules =	512
steps= 10000000
density=	0.75
temperature=	1.8
truncation = 4.314518271888978
dipoleStrength squared = 2.0
-<M^2>*bt*bt:	-742.0004325299741 -<M^2>*bt*bt_err:	21.61570890683759 mE*t^0.5:	200.06618250586794
AEE_new:	-1024.2896626262088 AEE_err:	1.0196586975475237 aE*t^0.5:	9.437544887214337
endTime : 2015/09/21 19:23:47
Time taken (in mins): 85.66598333333333
