startTime : 2015/09/21 19:25:20
number of molecules =	512
steps= 10000000
density=	0.75
temperature=	2.0
truncation = 4.314518271888978
dipoleStrength squared = 2.0
-<M^2>*bt*bt:	-537.2701536466946 -<M^2>*bt*bt_err:	16.23237052830971 mE*t^0.5:	149.54615538519073
AEE_new:	-773.753790739816 AEE_err:	0.6874635635521894 aE*t^0.5:	6.333488550999587
endTime : 2015/09/21 19:25:20
Time taken (in mins): 84.87633333333333
