startTime : 2015/09/21 18:43:16
number of molecules =	256
steps= 10000000
density=	0.75
temperature=	1.35
truncation = 3.424435421766291
dipoleStrength squared = 2.0
-<M^2>*bt*bt:	-889.324643822667 -<M^2>*bt*bt_err:	27.435107685825233 mE*t^0.5:	166.2179646484084
AEE_new:	-1110.8007160246402 AEE_err:	1.4156298604628608 aE*t^0.5:	8.576715528010123
endTime : 2015/09/21 18:43:16
Time taken (in mins): 36.706466666666664
