startTime : 2015/09/10 16:09:01
steps = 100000000
number of molecules= 256
temperature(sim) = 10.0
box size(angstrom): 13.679807573413575
truncation= 6.703105710972651
dipoleStrength = 1.0
-<M^2>*bt*bt:	-2.5932541320642977 -<M^2>*bt*bt_err:	0.004623651152785755
AEE_new:	-2.5955503653985095 AEE_err:	1.3887152885427304E-5
endTime : 2015/09/10 16:09:01
Time taken (in mins): 435.31603333333334
