startTime : 2015/09/10 16:09:11
steps = 100000000
number of molecules= 256
temperature(sim) = 5.0
box size(angstrom): 10.857670466379625
truncation= 5.320258528526017
dipoleStrength = 1.0
-<M^2>*bt*bt:	-10.803856906397634 -<M^2>*bt*bt_err:	0.023312141840113033
AEE_new:	-10.80661057981768 AEE_err:	1.823836326545378E-4
endTime : 2015/09/10 16:09:11
Time taken (in mins): 365.1688
