startTime : 2015/09/10 16:10:01
steps = 100000000
number of molecules= 256
temperature(sim) = 5.0
box size(angstrom): 8.617738760127533
truncation= 4.222691992462491
dipoleStrength = 1.0
-<M^2>*bt*bt:	-11.427885613253284 -<M^2>*bt*bt_err:	0.02539037774645206
AEE_new:	-11.372589134999133 AEE_err:	3.6094794706078784E-4
endTime : 2015/09/10 16:10:01
Time taken (in mins): 305.0036166666667
