startTime : 2015/09/10 16:08:43
steps = 100000000
number of molecules= 256
temperature(sim) = 5.0
box size(angstrom): 13.679807573413575
truncation= 6.703105710972651
dipoleStrength = 1.0
-<M^2>*bt*bt:	-10.564993579151519 -<M^2>*bt*bt_err:	0.019302943540169974
AEE_new:	-10.52365846070585 AEE_err:	1.2078834519139463E-4
endTime : 2015/09/10 16:08:43
Time taken (in mins): 218.22881666666666
