startTime : 2015/09/10 16:09:33
steps = 100000000
number of molecules= 256
temperature(sim) = 5.0
box size(angstrom): 9.485048811973499
truncation= 4.647673917867015
dipoleStrength = 1.0
-<M^2>*bt*bt:	-11.083791630785473 -<M^2>*bt*bt_err:	0.022807586986942612
AEE_new:	-11.090135102502822 AEE_err:	2.750004307451153E-4
endTime : 2015/09/10 16:09:33
Time taken (in mins): 451.54678333333334
