startTime : 2015/09/10 16:09:33
steps = 100000000
number of molecules= 256
temperature(sim) = 10.0
box size(angstrom): 10.079368399158984
truncation= 4.938890515587902
dipoleStrength = 1.0
-<M^2>*bt*bt:	-2.648244367963219 -<M^2>*bt*bt_err:	0.005149400483826812
AEE_new:	-2.6486703957657247 AEE_err:	2.355131970571879E-5
endTime : 2015/09/10 16:09:33
Time taken (in mins): 314.4846
